COCO 
5.7454393294141672, 1.9129759148613719,
5.3955036469683222, 2.4148682165914428,
5.0276080555525731, 2.7170771931910473,
4.8438919319717639, 2.9279750337162769,
4.6952408523641296, 3.0966305443070299,
FIRE 
-inf, 1.7064095390210694,
3.7411228776607865, 2.0837434533876626,
3.6867854599842249, 2.3110458291046294,
3.6244254539196374, 2.4607092216668711,
3.574393641486159, 2.562905226314955,
IRIS 
-inf, 0.93613855867831219,
2.190159886643011, 1.213273378934042,
2.1586357049781926, 1.4055608421222325,
2.1258236788775262, 1.5244319482227082,
2.0939135951635102, 1.5983095607775002,
MAX 
7.9583184919212417, 3.0618748264976872,
7.8728741063827998, 3.9280594264947286,
7.6552356713881622, 4.4720476846303168,
7.4399715106631508, 4.7744562066137526,
7.1856466718346432, 4.9453387274342671,
MNIST 
6.3175436078754279, 4.3629815275134014,
6.5322763456644699, 4.645712671088309,
5.8498449732562854, 4.7873783812130224,
6.074728860522816, 5.0474261051500857,
5.8970504241849326, 4.9858788257575277,
NASA 
-inf, 0.39613908574953682,
-inf, 0.51196726596015396,
-inf, 0.61593985090262326,
-inf, 0.69976212109241742,
-inf, 0.7653062839475463,
WIN 
4.9778559123001616, 3.1761559164409814,
4.6175666656463257, 3.5273273061864403,
4.4583644975705514, 3.629228388832419,
4.3524616387988786, 3.6699821908600674,
4.1964489021134002, 3.653391860223389,
 
