COCO
5.7454393294141672, 5.7396234778034909, 1.9129759148613719, 1.4735830338229956
5.3955036469683222, 5.3915666760419168, 2.4148682165914428, 1.9497444645330604
5.0276080555525731, 5.0232451874435782, 2.7170771931910473, 2.3038737624602375
4.8438919319717639, 4.834415625785736, 2.9279750337162769, 2.5782482095292902
4.6952408523641296, 4.6889295482614166, 3.0966305443070299, 2.7778651471455973
FIRE
-inf, 13.411239498442001, 1.7064095390210694, 1.7933196260334541
3.7411228776607865, 3.7714367470913635, 2.0837434533876626, 2.1703058784339224
3.6867854599842249, 3.7133525608499331, 2.3110458291046294, 2.3860373104251931
3.6244254539196374, 3.6464761784421982, 2.4607092216668711, 2.5162191434701451
3.574393641486159, 3.5921193840971721, 2.562905226314955, 2.6057306176573816
IRIS
-inf, -inf, 0.93613855867831219, 1.4065146119247671
2.190159886643011, 2.7323401957422302, 1.213273378934042, 1.6921537460362563
2.1586357049781926, 2.5796257671078191, 1.4055608421222325, 1.8042834635443457
2.1258236788775262, 2.421103588622505, 1.5244319482227082, 1.8595750696613655
2.0939135951635102, 2.3186253502478249, 1.5983095607775002, 1.8878465824013846
MAX
7.9583184919212417, 8.0819296066685524, 3.0618748264976872, 3.4153181467735805
7.8728741063827998, 7.9419487183993738, 3.9280594264947286, 4.2721924856930169
7.6552356713881622, 7.6957354557494995, 4.4720476846303168, 4.8041155260110813
7.4399715106631508, 7.4473198361289636, 4.7744562066137526, 5.0689871502802237
7.1856466718346432, 7.1965843877944744, 4.9453387274342671, 5.2061354010428467
MNIST
6.3175436078754279, 5.2999505311475481, 4.3629815275134014, 3.9343445418414591
6.5322763456644699, 5.6945435892795029, 4.645712671088309, 4.3095010930981079
5.8498449732562854, 5.1636734178702568, 4.7873783812130224, 4.2766323996130557
6.074728860522816, 5.1123999632028854, 5.0474261051500857, 4.3016357460706924
5.8970504241849326, 4.8913402606814298, 4.9858788257575277, 4.403631618570766
NASA
-inf, -inf, 0.39613908574953682, 0.35406708557410671
-inf, 1668.7224859486478, 0.51196726596015396, 0.43561850812762265
-inf, 4.1614910893851151, 0.61593985090262326, 0.50963354589155974
-inf, 3.5995592545097934, 0.69976212109241742, 0.55960696071639182
-inf, 2.9427160170330033, 0.7653062839475463, 0.60618258360482025
WIN
4.9778559123001616, 4.9541790546725064, 3.1761559164409814, 3.18483579085055
4.6175666656463257, 4.6591889148610974, 3.5273273061864403, 3.5472171437917179
4.4583644975705514, 4.4866419746743951, 3.629228388832419, 3.6514892785981834
4.3524616387988786, 4.3552681831495335, 3.6699821908600674, 3.6888316428552121
4.1964489021134002, 4.219436137150014, 3.653391860223389, 3.6674915023726076

